Vertices: [[[-122.444000244141,37.8055858612061],[-122.437219619751,37.7996850013733],[-122.431125640869,37.8004789352417],[-122.427821159363,37.800886631012],[-122.424259185791,37.7994704246521],[-122.418122291565,37.7945566177368],[-122.405397891998,37.7970457077026],[-122.364027500153,37.8111219406128],[-122.367224693298,37.8081178665161],[-122.388124465942,37.7885699272156],[-122.393939495087,37.7797937393188],[-122.396879196167,37.7756094932556],[-122.395527362823,37.7668762207031],[-122.397844791412,37.7663612365723],[-122.40541934967,37.7584218978882],[-122.390463352203,37.7500534057617],[-122.395956516266,37.747220993042],[-122.400505542755,37.740375995636],[-122.405633926392,37.7324366569519],[-122.399389743805,37.7186608314514],[-122.413272857666,37.7298831939697],[-122.42161989212,37.7288746833801],[-122.430438995361,37.7318787574768],[-122.437219619751,37.7315998077393],[-122.448871135712,37.729024887085],[-122.456595897675,37.7258062362671],[-122.462861537933,37.7254843711853],[-122.472217082977,37.7161502838135],[-122.474899291992,37.7249050140381],[-122.484641075134,37.7342391014099],[-122.490499019623,37.7339601516724],[-122.487494945526,37.7425217628479],[-122.494919300079,37.7496886253357],[-122.49685049057,37.7533578872681],[-122.499511241913,37.7606964111328],[-122.510454654694,37.7640223503113],[-122.511162757874,37.7712750434875],[-122.501657009125,37.775502204895],[-122.496378421783,37.7776265144348],[-122.488095760345,37.7818536758423],[-122.484083175659,37.7868318557739],[-122.480928897858,37.7868103981018],[-122.472581863403,37.7869391441345],[-122.477130889893,37.8018522262573],[-122.47740983963,37.8095126152039],[-122.467560768127,37.80268907547],[-122.461402416229,37.8017449378967],[-122.455372810364,37.8029894828796],[-122.447326183319,37.8051781654358],[-122.444000244141,37.8055858612061]]]
Area: 70158357.66106486